
rf <- 0.1
f <- 0.2
b1 <- 0.5
b2 <- 1

r1 <- 1 / (1 + rf + b1 * f )
r2 <- 1 / (1 + rf + b2 * f )

r.c <- 1 / (1 + rf + (b1 + b2) / 2 * f )

r.c
(r1 + r2) / 2
